[gd_scene load_steps=18 format=3 uid="uid://ds0sepy750oms"]

[ext_resource type="Script" uid="uid://dtsyf8086rgp8" path="res://scenes scripts/room_1.gd" id="1_sm21d"]
[ext_resource type="NavigationMesh" uid="uid://cc8w71ejygk66" path="res://navimesh/navimesh1.tres" id="2_f583u"]
[ext_resource type="Material" uid="uid://bx6bxqa7wcar2" path="res://materials/bottom1.tres" id="3_6tmxl"]
[ext_resource type="PackedScene" uid="uid://c8fhprlvt2e6o" path="res://scenes scripts/door.tscn" id="4_2xhws"]
[ext_resource type="PackedScene" uid="uid://cusattjn2rljb" path="res://scenes scripts/tubes1.tscn" id="5_quumr"]
[ext_resource type="BoxMesh" uid="uid://cyog1sitkt8s5" path="res://wallmesh/wallmesh1.tres" id="6_p3qon"]
[ext_resource type="BoxMesh" uid="uid://bndmef5ylovtd" path="res://wallmesh/wallmesh2.tres" id="7_wwdrf"]
[ext_resource type="PackedScene" uid="uid://cv1e7gj4cs4es" path="res://scenes scripts/box_3.tscn" id="8_p3qon"]
[ext_resource type="PackedScene" uid="uid://rlv6x1sbjgi0" path="res://scenes scripts/box_4.tscn" id="9_wwdrf"]
[ext_resource type="PackedScene" uid="uid://dpsuhojkxbdha" path="res://scenes scripts/vent_1.tscn" id="10_y1u2i"]
[ext_resource type="PackedScene" uid="uid://buyy3kfg4llnn" path="res://scenes scripts/slime_1.tscn" id="11_lhuoj"]
[ext_resource type="PackedScene" uid="uid://kjde5ai2vtwd" path="res://scenes scripts/box_2.tscn" id="12_2m1ed"]
[ext_resource type="PackedScene" uid="uid://2dxmbjms8yyd" path="res://scenes scripts/enemy_1.tscn" id="13_wwdrf"]

[sub_resource type="QuadMesh" id="QuadMesh_v056k"]
material = ExtResource("3_6tmxl")
size = Vector2(10, 10)
center_offset = Vector3(-5, 0, 0)

[sub_resource type="BoxShape3D" id="BoxShape3D_ejhko"]
size = Vector3(10, 10, 0.1)

[sub_resource type="BoxShape3D" id="BoxShape3D_v056k"]
size = Vector3(10, 3, 0.1)

[sub_resource type="BoxShape3D" id="BoxShape3D_ccg18"]
size = Vector3(10, 3, 10)

[node name="room1 1" type="Node3D"]
script = ExtResource("1_sm21d")
RandomBox = false
RandomNumBoxes = false
NumBoxes1 = 2
NumBoxes3 = 0
NumBoxes4 = 0
NumBasket1 = 1

[node name="NavigationRegion3D" type="NavigationRegion3D" parent="."]
navigation_mesh = ExtResource("2_f583u")

[node name="StaticBody3D" type="StaticBody3D" parent="NavigationRegion3D"]

[node name="bottom" type="MeshInstance3D" parent="NavigationRegion3D/StaticBody3D" groups=["navi"]]
transform = Transform3D(1, 0, 0, 0, -4.37114e-08, 1, 0, -1, -4.37114e-08, 0, 0, 0)
mesh = SubResource("QuadMesh_v056k")
skeleton = NodePath("../..")

[node name="bottomcoll" type="CollisionShape3D" parent="NavigationRegion3D/StaticBody3D"]
transform = Transform3D(1, 0, 0, 0, -4.37114e-08, 1, 0, -1, -4.37114e-08, -5, 0, 0)
shape = SubResource("BoxShape3D_ejhko")

[node name="door" parent="NavigationRegion3D/StaticBody3D" instance=ExtResource("4_2xhws")]
transform = Transform3D(-4.37114e-08, 0, -1, 0, 1, 0, 1, 0, -4.37114e-08, -10, 1, 0)

[node name="tubes" parent="NavigationRegion3D/StaticBody3D" instance=ExtResource("5_quumr")]
transform = Transform3D(1, 0, 0, 0, 1, 0, 0, 0, 1, -5, 2, -4.55)

[node name="tubes2" parent="NavigationRegion3D/StaticBody3D" instance=ExtResource("5_quumr")]
transform = Transform3D(0.5, 0, 0, 0, 0.5, 0, 0, 0, 0.5, -8, 1.5, -4.7)

[node name="tubes3" parent="NavigationRegion3D/StaticBody3D" instance=ExtResource("5_quumr")]
transform = Transform3D(-1, 0, -8.74228e-08, 0, 1, 0, 8.74228e-08, 0, -1, -7, 2, 4.55)

[node name="tubes4" parent="NavigationRegion3D/StaticBody3D" instance=ExtResource("5_quumr")]
transform = Transform3D(-0.5, 0, -4.37114e-08, 0, 0.5, 0, 4.37114e-08, 0, -0.5, -4, 1.5, 4.7)

[node name="wall1" type="MeshInstance3D" parent="NavigationRegion3D/StaticBody3D"]
transform = Transform3D(1, 0, 0, 0, 1, 0, 0, 0, 1, -5, 1.5, 5)
mesh = ExtResource("6_p3qon")
skeleton = NodePath("../bottom")

[node name="wallcoll1" type="CollisionShape3D" parent="NavigationRegion3D/StaticBody3D"]
transform = Transform3D(1, 0, 0, 0, 1, 0, 0, 0, 1, -5, 1.5, 5)
shape = SubResource("BoxShape3D_v056k")

[node name="wall2" type="MeshInstance3D" parent="NavigationRegion3D/StaticBody3D"]
transform = Transform3D(1, 0, 0, 0, 1, 0, 0, 0, 1, -5, 1.5, -5)
mesh = ExtResource("6_p3qon")
skeleton = NodePath("../bottom")

[node name="wallcoll2" type="CollisionShape3D" parent="NavigationRegion3D/StaticBody3D"]
transform = Transform3D(1, 0, 0, 0, 1, 0, 0, 0, 1, -5, 1.5, -5)
shape = SubResource("BoxShape3D_v056k")

[node name="wall3" type="MeshInstance3D" parent="NavigationRegion3D/StaticBody3D"]
transform = Transform3D(-1.74846e-08, 0, 1, 0, 1, 0, -0.4, 0, -4.37114e-08, -10, 1.5, -3)
mesh = ExtResource("6_p3qon")
skeleton = NodePath("../bottom")

[node name="wallcoll3" type="CollisionShape3D" parent="NavigationRegion3D/StaticBody3D"]
transform = Transform3D(-1.74846e-08, 0, 1, 0, 1, 0, -0.4, 0, -4.37114e-08, -10, 1.5, -3)
shape = SubResource("BoxShape3D_v056k")

[node name="wall4" type="MeshInstance3D" parent="NavigationRegion3D/StaticBody3D"]
transform = Transform3D(-1.74846e-08, 0, 1, 0, 1, 0, -0.4, 0, -4.37114e-08, -10, 1.5, 3)
mesh = ExtResource("6_p3qon")
skeleton = NodePath("../bottom")

[node name="wallcoll4" type="CollisionShape3D" parent="NavigationRegion3D/StaticBody3D"]
transform = Transform3D(-1.74846e-08, 0, 1, 0, 1, 0, -0.4, 0, -4.37114e-08, -10, 1.5, 3)
shape = SubResource("BoxShape3D_v056k")

[node name="wall5" type="MeshInstance3D" parent="NavigationRegion3D/StaticBody3D"]
transform = Transform3D(-8.74228e-09, 0, 1, 0, 0.33, 0, -0.2, 0, -4.37114e-08, -10, 2.50299, 0)
mesh = ExtResource("7_wwdrf")
skeleton = NodePath("../bottom")

[node name="wallcoll5" type="CollisionShape3D" parent="NavigationRegion3D/StaticBody3D"]
transform = Transform3D(-8.74228e-09, 0, 1, 0, 0.33, 0, -0.2, 0, -4.37114e-08, -10, 2.50299, 0)
shape = SubResource("BoxShape3D_v056k")

[node name="boxes" type="Node3D" parent="NavigationRegion3D"]
transform = Transform3D(1, 0, 0, 0, 1, 0, 0, 0, 1, -4.9, 0, -1.2)

[node name="box3" parent="NavigationRegion3D/boxes" instance=ExtResource("8_p3qon")]
transform = Transform3D(0.965926, 0, -0.258819, 0, 1, 0, 0.258819, 0, 0.965926, -1.3, 0, -0.3)

[node name="box4" parent="NavigationRegion3D/boxes" instance=ExtResource("9_wwdrf")]
transform = Transform3D(0.996195, 0, 0.0871557, 0, 1, 0, -0.0871557, 0, 0.996195, 0.9, 0.5, 0.1)

[node name="box5" parent="NavigationRegion3D/boxes" instance=ExtResource("9_wwdrf")]
transform = Transform3D(0.984808, 0, -0.173648, 0, 1, 0, 0.173648, 0, 0.984808, 2.1, 0.5, 0.1)

[node name="box6" parent="NavigationRegion3D/boxes" instance=ExtResource("9_wwdrf")]
transform = Transform3D(0.996195, 0, 0.0871557, 0, 1, 0, -0.0871557, 0, 0.996195, 2.1, 0.5, -1.1)

[node name="box7" parent="NavigationRegion3D/boxes" instance=ExtResource("9_wwdrf")]
transform = Transform3D(0.984808, 0, -0.173648, 0, 1, 0, 0.173648, 0, 0.984808, 2.1, 0.5, -2.3)

[node name="box8" parent="NavigationRegion3D/boxes" instance=ExtResource("9_wwdrf")]
transform = Transform3D(0.965926, 0, 0.258819, 0, 1, 0, -0.258819, 0, 0.965926, 3.2, 0.5, -3.1)

[node name="box9" parent="NavigationRegion3D/boxes" instance=ExtResource("9_wwdrf")]
transform = Transform3D(0.996195, 0, 0.0871557, 0, 1, 0, -0.0871557, 0, 0.996195, -3.5, 0.5, -0.5)

[node name="box10" parent="NavigationRegion3D/boxes" instance=ExtResource("9_wwdrf")]
transform = Transform3D(-0.707107, 0, -0.707107, 0, 1, 0, 0.707107, 0, -0.707107, -4.3, 0.5, -1.5)

[node name="vent1" parent="NavigationRegion3D" instance=ExtResource("10_y1u2i")]
transform = Transform3D(1, 0, 0, 0, 1, 0, 0, 0, 1, -4.4, 0.05, -3.1)

[node name="slime1" parent="NavigationRegion3D" instance=ExtResource("11_lhuoj")]
transform = Transform3D(1, 0, 0, 0, 1, 0, 0, 0, 1, -2.8, 0, 3.2)

[node name="box2" parent="NavigationRegion3D" instance=ExtResource("12_2m1ed")]
transform = Transform3D(0.984808, 0, -0.173648, 0, 1, 0, 0.173648, 0, 0.984808, -4.4, 0.5, 0)

[node name="box3" parent="NavigationRegion3D" instance=ExtResource("12_2m1ed")]
transform = Transform3D(0.984807, 0, -0.173648, 0, 1, 0, 0.173648, 0, 0.984807, -8.1, 0.5, 2.6)

[node name="Timer" type="Timer" parent="."]
wait_time = 3.0
autostart = true

[node name="Area3D" type="Area3D" parent="."]
transform = Transform3D(1, 0, 0, 0, 1, 0, 0, 0, 1, -5, 1.5, 0)

[node name="CollisionShape3D" type="CollisionShape3D" parent="Area3D"]
shape = SubResource("BoxShape3D_ccg18")

[node name="enemy1" parent="." instance=ExtResource("13_wwdrf")]
transform = Transform3D(1, 0, 0, 0, 1, 0, 0, 0, 1, -1.1, 0.9, -2.9)
randomspawn = 4

[connection signal="timeout" from="Timer" to="." method="_on_timer_timeout"]
[connection signal="body_entered" from="Area3D" to="." method="_on_area_3d_body_entered"]
[connection signal="body_exited" from="Area3D" to="." method="_on_area_3d_body_exited"]
