[gd_scene load_steps=17 format=3 uid="uid://rrkxa4etguse"]

[ext_resource type="Script" uid="uid://dtsyf8086rgp8" path="res://scenes scripts/room_1.gd" id="1_awxh7"]
[ext_resource type="NavigationMesh" uid="uid://cc8w71ejygk66" path="res://navimesh/navimesh1.tres" id="2_damx2"]
[ext_resource type="Material" uid="uid://bx6bxqa7wcar2" path="res://materials/bottom1.tres" id="3_ohkjx"]
[ext_resource type="PackedScene" uid="uid://c8fhprlvt2e6o" path="res://scenes scripts/door.tscn" id="4_tbiyy"]
[ext_resource type="PackedScene" uid="uid://cusattjn2rljb" path="res://scenes scripts/tubes1.tscn" id="5_8mhdf"]
[ext_resource type="BoxMesh" uid="uid://cyog1sitkt8s5" path="res://wallmesh/wallmesh1.tres" id="6_2wftw"]
[ext_resource type="BoxMesh" uid="uid://bndmef5ylovtd" path="res://wallmesh/wallmesh2.tres" id="7_244vf"]
[ext_resource type="PackedScene" uid="uid://b24olo70jj02w" path="res://scenes scripts/box_1.tscn" id="8_umqhg"]
[ext_resource type="PackedScene" uid="uid://kjde5ai2vtwd" path="res://scenes scripts/box_2.tscn" id="9_oiqo4"]
[ext_resource type="PackedScene" uid="uid://rlv6x1sbjgi0" path="res://scenes scripts/box_4.tscn" id="10_ghmp4"]
[ext_resource type="PackedScene" uid="uid://dpsuhojkxbdha" path="res://scenes scripts/vent_1.tscn" id="11_ghmp4"]
[ext_resource type="PackedScene" uid="uid://buyy3kfg4llnn" path="res://scenes scripts/slime_1.tscn" id="12_vui8y"]

[sub_resource type="QuadMesh" id="QuadMesh_v056k"]
material = ExtResource("3_ohkjx")
size = Vector2(10, 10)
center_offset = Vector3(-5, 0, 0)

[sub_resource type="BoxShape3D" id="BoxShape3D_ejhko"]
size = Vector3(10, 10, 0.1)

[sub_resource type="BoxShape3D" id="BoxShape3D_v056k"]
size = Vector3(10, 3, 0.1)

[sub_resource type="BoxShape3D" id="BoxShape3D_ccg18"]
size = Vector3(10, 3, 10)

[node name="room1 1" type="Node3D"]
script = ExtResource("1_awxh7")
RandomBox = false
RandomNumBoxes = false
NumBoxes1 = 2
NumBoxes3 = 0
NumBoxes4 = 0
NumBasket1 = 1

[node name="NavigationRegion3D" type="NavigationRegion3D" parent="."]
navigation_mesh = ExtResource("2_damx2")

[node name="StaticBody3D" type="StaticBody3D" parent="NavigationRegion3D"]

[node name="bottom" type="MeshInstance3D" parent="NavigationRegion3D/StaticBody3D" groups=["navi"]]
transform = Transform3D(1, 0, 0, 0, -4.37114e-08, 1, 0, -1, -4.37114e-08, 0, 0, 0)
mesh = SubResource("QuadMesh_v056k")
skeleton = NodePath("../..")

[node name="bottomcoll" type="CollisionShape3D" parent="NavigationRegion3D/StaticBody3D"]
transform = Transform3D(1, 0, 0, 0, -4.37114e-08, 1, 0, -1, -4.37114e-08, -5, 0, 0)
shape = SubResource("BoxShape3D_ejhko")

[node name="door" parent="NavigationRegion3D/StaticBody3D" instance=ExtResource("4_tbiyy")]
transform = Transform3D(-4.37114e-08, 0, -1, 0, 1, 0, 1, 0, -4.37114e-08, -10, 1, 0)

[node name="tubes" parent="NavigationRegion3D/StaticBody3D" instance=ExtResource("5_8mhdf")]
transform = Transform3D(1, 0, 0, 0, 1, 0, 0, 0, 1, -3.7, 2, -4.55)

[node name="tubes2" parent="NavigationRegion3D/StaticBody3D" instance=ExtResource("5_8mhdf")]
transform = Transform3D(0.5, 0, 0, 0, 0.5, 0, 0, 0, 0.5, -4.6, 1.3, -4.7)

[node name="tubes3" parent="NavigationRegion3D/StaticBody3D" instance=ExtResource("5_8mhdf")]
transform = Transform3D(-1, 0, -8.74228e-08, 0, 1, 0, 8.74228e-08, 0, -1, -7, 2, 4.55)

[node name="tubes4" parent="NavigationRegion3D/StaticBody3D" instance=ExtResource("5_8mhdf")]
transform = Transform3D(-0.5, 0, -4.37114e-08, 0, 0.5, 0, 4.37114e-08, 0, -0.5, -4, 1.5, 4.7)

[node name="tubes5" parent="NavigationRegion3D/StaticBody3D" instance=ExtResource("5_8mhdf")]
transform = Transform3D(-1, -8.74228e-08, 0, 8.74228e-08, -1, 0, 0, 0, 1, -6.8, 1.3, -4.55)

[node name="tubes6" parent="NavigationRegion3D/StaticBody3D" instance=ExtResource("5_8mhdf")]
transform = Transform3D(-0.5, -4.37114e-08, 0, 4.37114e-08, -0.5, 0, 0, 0, 0.5, -5.9, 2, -4.7)

[node name="wall1" type="MeshInstance3D" parent="NavigationRegion3D/StaticBody3D"]
transform = Transform3D(1, 0, 0, 0, 1, 0, 0, 0, 1, -5, 1.5, 5)
mesh = ExtResource("6_2wftw")
skeleton = NodePath("../bottom")

[node name="wallcoll1" type="CollisionShape3D" parent="NavigationRegion3D/StaticBody3D"]
transform = Transform3D(1, 0, 0, 0, 1, 0, 0, 0, 1, -5, 1.5, 5)
shape = SubResource("BoxShape3D_v056k")

[node name="wall2" type="MeshInstance3D" parent="NavigationRegion3D/StaticBody3D"]
transform = Transform3D(1, 0, 0, 0, 1, 0, 0, 0, 1, -5, 1.5, -5)
mesh = ExtResource("6_2wftw")
skeleton = NodePath("../bottom")

[node name="wallcoll2" type="CollisionShape3D" parent="NavigationRegion3D/StaticBody3D"]
transform = Transform3D(1, 0, 0, 0, 1, 0, 0, 0, 1, -5, 1.5, -5)
shape = SubResource("BoxShape3D_v056k")

[node name="wall3" type="MeshInstance3D" parent="NavigationRegion3D/StaticBody3D"]
transform = Transform3D(-1.74846e-08, 0, 1, 0, 1, 0, -0.4, 0, -4.37114e-08, -10, 1.5, -3)
mesh = ExtResource("6_2wftw")
skeleton = NodePath("../bottom")

[node name="wallcoll3" type="CollisionShape3D" parent="NavigationRegion3D/StaticBody3D"]
transform = Transform3D(-1.74846e-08, 0, 1, 0, 1, 0, -0.4, 0, -4.37114e-08, -10, 1.5, -3)
shape = SubResource("BoxShape3D_v056k")

[node name="wall4" type="MeshInstance3D" parent="NavigationRegion3D/StaticBody3D"]
transform = Transform3D(-1.74846e-08, 0, 1, 0, 1, 0, -0.4, 0, -4.37114e-08, -10, 1.5, 3)
mesh = ExtResource("6_2wftw")
skeleton = NodePath("../bottom")

[node name="wallcoll4" type="CollisionShape3D" parent="NavigationRegion3D/StaticBody3D"]
transform = Transform3D(-1.74846e-08, 0, 1, 0, 1, 0, -0.4, 0, -4.37114e-08, -10, 1.5, 3)
shape = SubResource("BoxShape3D_v056k")

[node name="wall5" type="MeshInstance3D" parent="NavigationRegion3D/StaticBody3D"]
transform = Transform3D(-8.74228e-09, 0, 1, 0, 0.33, 0, -0.2, 0, -4.37114e-08, -10, 2.50299, 0)
mesh = ExtResource("7_244vf")
skeleton = NodePath("../bottom")

[node name="wallcoll5" type="CollisionShape3D" parent="NavigationRegion3D/StaticBody3D"]
transform = Transform3D(-8.74228e-09, 0, 1, 0, 0.33, 0, -0.2, 0, -4.37114e-08, -10, 2.50299, 0)
shape = SubResource("BoxShape3D_v056k")

[node name="box1" parent="NavigationRegion3D" instance=ExtResource("8_umqhg")]
transform = Transform3D(1, 0, 0, 0, 1, 0, 0, 0, 1, -3.5, 0.6, -3.7)

[node name="box2" parent="NavigationRegion3D" instance=ExtResource("8_umqhg")]
transform = Transform3D(-0.965926, 0, 0.258819, 0, 1, 0, -0.258819, 0, -0.965926, -2.5, 0.6, -0.5)

[node name="box3" parent="NavigationRegion3D" instance=ExtResource("8_umqhg")]
transform = Transform3D(0.0871557, 0, -0.996195, 0, 1, 0, 0.996195, 0, 0.0871557, -4.4, 0.6, -2.3)

[node name="box4" parent="NavigationRegion3D" instance=ExtResource("8_umqhg")]
transform = Transform3D(-0.0871557, 0, -0.996195, 0, 1, 0, 0.996195, 0, -0.0871557, -7.3, 0.6, -1.5)

[node name="box5" parent="NavigationRegion3D" instance=ExtResource("8_umqhg")]
transform = Transform3D(0.99609, 0.0178451, -0.0865234, -0.0190306, 0.999736, -0.0128962, 0.0862704, 0.0144924, 0.996166, -8.2, 0.6, -2.7)

[node name="box7" parent="NavigationRegion3D" instance=ExtResource("8_umqhg")]
transform = Transform3D(-0.258819, 0, -0.965926, 0, 1, 0, 0.965926, 0, -0.258819, -5.5, 0.6, 3.5)

[node name="box8" parent="NavigationRegion3D" instance=ExtResource("8_umqhg")]
transform = Transform3D(0.5, 0, -0.866025, 0, 1, 0, 0.866025, 0, 0.5, -6.8, 0.6, 3)

[node name="box9" parent="NavigationRegion3D" instance=ExtResource("9_oiqo4")]
transform = Transform3D(0.965926, 0, -0.258819, 0, 1, 0, 0.258819, 0, 0.965926, -8.6, 0.5, -4)

[node name="box10" parent="NavigationRegion3D" instance=ExtResource("10_ghmp4")]
transform = Transform3D(0.939693, 0, 0.34202, 0, 1, 0, -0.34202, 0, 0.939693, -8.7, 0.5, 2)

[node name="box11" parent="NavigationRegion3D" instance=ExtResource("10_ghmp4")]
transform = Transform3D(0.996195, 0, 0.0871557, 0, 1, 0, -0.0871557, 0, 0.996195, -5.7, 0.5, -1.3)

[node name="vent1" parent="NavigationRegion3D" instance=ExtResource("11_ghmp4")]
transform = Transform3D(1, 0, 0, 0, 1, 0, 0, 0, 1, -6.5, 0.05, -3.5)

[node name="slime1" parent="NavigationRegion3D" instance=ExtResource("12_vui8y")]
transform = Transform3D(1, 0, 0, 0, 1, 0, 0, 0, 1, -2.4, 0, -2.3)

[node name="Timer" type="Timer" parent="."]
wait_time = 3.0
autostart = true

[node name="Area3D" type="Area3D" parent="."]
transform = Transform3D(1, 0, 0, 0, 1, 0, 0, 0, 1, -5, 1.5, 0)

[node name="CollisionShape3D" type="CollisionShape3D" parent="Area3D"]
shape = SubResource("BoxShape3D_ccg18")

[connection signal="timeout" from="Timer" to="." method="_on_timer_timeout"]
[connection signal="body_entered" from="Area3D" to="." method="_on_area_3d_body_entered"]
[connection signal="body_exited" from="Area3D" to="." method="_on_area_3d_body_exited"]
