[gd_scene load_steps=17 format=3 uid="uid://dyw7bqxi0duix"]

[ext_resource type="Script" uid="uid://dtsyf8086rgp8" path="res://scenes scripts/room_1.gd" id="1_40ps2"]
[ext_resource type="NavigationMesh" uid="uid://cc8w71ejygk66" path="res://navimesh/navimesh1.tres" id="2_h7ver"]
[ext_resource type="Material" uid="uid://bx6bxqa7wcar2" path="res://materials/bottom1.tres" id="3_o7tiv"]
[ext_resource type="PackedScene" uid="uid://c8fhprlvt2e6o" path="res://scenes scripts/door.tscn" id="4_t3ffe"]
[ext_resource type="PackedScene" uid="uid://cusattjn2rljb" path="res://scenes scripts/tubes1.tscn" id="5_7myns"]
[ext_resource type="BoxMesh" uid="uid://cyog1sitkt8s5" path="res://wallmesh/wallmesh1.tres" id="6_ne47l"]
[ext_resource type="BoxMesh" uid="uid://bndmef5ylovtd" path="res://wallmesh/wallmesh2.tres" id="7_mg02r"]
[ext_resource type="PackedScene" uid="uid://cv1e7gj4cs4es" path="res://scenes scripts/box_3.tscn" id="8_mgf7c"]
[ext_resource type="PackedScene" uid="uid://rlv6x1sbjgi0" path="res://scenes scripts/box_4.tscn" id="9_2c12t"]
[ext_resource type="PackedScene" uid="uid://buyy3kfg4llnn" path="res://scenes scripts/slime_1.tscn" id="10_2c12t"]
[ext_resource type="PackedScene" uid="uid://b24olo70jj02w" path="res://scenes scripts/box_1.tscn" id="11_5r6qs"]
[ext_resource type="PackedScene" uid="uid://2dxmbjms8yyd" path="res://scenes scripts/enemy_1.tscn" id="12_xay2c"]

[sub_resource type="QuadMesh" id="QuadMesh_v056k"]
material = ExtResource("3_o7tiv")
size = Vector2(15, 15)
center_offset = Vector3(-5, 0, 0)

[sub_resource type="BoxShape3D" id="BoxShape3D_ejhko"]
size = Vector3(10, 10, 0.1)

[sub_resource type="BoxShape3D" id="BoxShape3D_v056k"]
size = Vector3(10, 3, 0.1)

[sub_resource type="BoxShape3D" id="BoxShape3D_ccg18"]
size = Vector3(10, 3, 10)

[node name="room1 1" type="Node3D"]
script = ExtResource("1_40ps2")
RandomBox = false
RandomNumBoxes = false
NumBoxes1 = 4
NumBoxes2 = 2
NumBoxes3 = 3
NumBoxes4 = 1
NumBasket1 = 1
NumSlime1 = 3
NumCabels1 = 16
NumVents1 = 2

[node name="NavigationRegion3D" type="NavigationRegion3D" parent="."]
navigation_mesh = ExtResource("2_h7ver")

[node name="StaticBody3D" type="StaticBody3D" parent="NavigationRegion3D"]

[node name="bottom" type="MeshInstance3D" parent="NavigationRegion3D/StaticBody3D" groups=["navi"]]
transform = Transform3D(1, 0, 0, 0, -4.37114e-08, 1, 0, -1, -4.37114e-08, -2.5, 0, 0)
mesh = SubResource("QuadMesh_v056k")
skeleton = NodePath("../..")

[node name="bottomcoll" type="CollisionShape3D" parent="NavigationRegion3D/StaticBody3D"]
transform = Transform3D(1.5, 0, 0, 0, -6.55671e-08, 1, 0, -1.5, -4.37114e-08, -7.5, 0, 0)
shape = SubResource("BoxShape3D_ejhko")

[node name="door" parent="NavigationRegion3D/StaticBody3D" instance=ExtResource("4_t3ffe")]
transform = Transform3D(-4.37114e-08, 0, -1, 0, 1, 0, 1, 0, -4.37114e-08, -15, 1, 0)

[node name="tubes" parent="NavigationRegion3D/StaticBody3D" instance=ExtResource("5_7myns")]
transform = Transform3D(1, 0, 0, 0, 1, 0, 0, 0, 1, -9.5, 2, -7.05)

[node name="tubes2" parent="NavigationRegion3D/StaticBody3D" instance=ExtResource("5_7myns")]
transform = Transform3D(0.5, 0, 0, 0, 0.5, 0, 0, 0, 0.5, -12.5, 1.5, -7.2)

[node name="tubes3" parent="NavigationRegion3D/StaticBody3D" instance=ExtResource("5_7myns")]
transform = Transform3D(-1, 0, -8.74228e-08, 0, 1, 0, 8.74228e-08, 0, -1, -12.6, 2, 7.05)

[node name="tubes4" parent="NavigationRegion3D/StaticBody3D" instance=ExtResource("5_7myns")]
transform = Transform3D(-0.5, 0, -4.37114e-08, 0, 0.5, 0, 4.37114e-08, 0, -0.5, -9.6, 1.5, 7.2)

[node name="tubes5" parent="NavigationRegion3D/StaticBody3D" instance=ExtResource("5_7myns")]
transform = Transform3D(1, 0, 0, 0, 1, 0, 0, 0, 1, -3.2, 1.7, -7.05)

[node name="tubes6" parent="NavigationRegion3D/StaticBody3D" instance=ExtResource("5_7myns")]
transform = Transform3D(0.5, 0, 0, 0, 0.5, 0, 0, 0, 0.5, -6.2, 1.2, -7.2)

[node name="tubes7" parent="NavigationRegion3D/StaticBody3D" instance=ExtResource("5_7myns")]
transform = Transform3D(-1, 0, -8.74228e-08, 0, 1, 0, 8.74228e-08, 0, -1, -5.6, 2.2, 7.05)

[node name="tubes8" parent="NavigationRegion3D/StaticBody3D" instance=ExtResource("5_7myns")]
transform = Transform3D(-0.5, 0, -4.37114e-08, 0, 0.5, 0, 4.37114e-08, 0, -0.5, -1.8, 1.2, 7.2)

[node name="tubes9" parent="NavigationRegion3D/StaticBody3D" instance=ExtResource("5_7myns")]
transform = Transform3D(-2.18557e-08, 0, -0.5, 0, 0.5, 0, 0.5, 0, -2.18557e-08, -0.35, 1.5, -4.35)

[node name="tubes10" parent="NavigationRegion3D/StaticBody3D" instance=ExtResource("5_7myns")]
transform = Transform3D(-4.37114e-08, 0, -1, 0, 1, 0, 1, 0, -4.37114e-08, -0.5, 1.7, 4.95)

[node name="tubes11" parent="NavigationRegion3D/StaticBody3D" instance=ExtResource("5_7myns")]
transform = Transform3D(-2.18557e-08, 0, -0.5, 0, 0.5, 0, 0.5, 0, -2.18557e-08, -0.35, 1.2, 1.95)

[node name="wall1" type="MeshInstance3D" parent="NavigationRegion3D/StaticBody3D"]
transform = Transform3D(1.5, 0, 0, 0, 1, 0, 0, 0, 1, -7.5, 1.5, 7.5)
mesh = ExtResource("6_ne47l")
skeleton = NodePath("../bottom")

[node name="wallcoll1" type="CollisionShape3D" parent="NavigationRegion3D/StaticBody3D"]
transform = Transform3D(1.5, 0, 0, 0, 1, 0, 0, 0, 1, -7.5, 1.5, 7.5)
shape = SubResource("BoxShape3D_v056k")

[node name="wall2" type="MeshInstance3D" parent="NavigationRegion3D/StaticBody3D"]
transform = Transform3D(1.5, 0, 0, 0, 1, 0, 0, 0, 1, -7.5, 1.5, -7.5)
mesh = ExtResource("6_ne47l")
skeleton = NodePath("../bottom")

[node name="wallcoll2" type="CollisionShape3D" parent="NavigationRegion3D/StaticBody3D"]
transform = Transform3D(1.5, 0, 0, 0, 1, 0, 0, 0, 1, -7.5, 1.5, -7.5)
shape = SubResource("BoxShape3D_v056k")

[node name="wall3" type="MeshInstance3D" parent="NavigationRegion3D/StaticBody3D"]
transform = Transform3D(-2.84124e-08, 0, 1, 0, 1, 0, -0.65, 0, -4.37114e-08, -15, 1.5, -4.2)
mesh = ExtResource("6_ne47l")
skeleton = NodePath("../bottom")

[node name="wallcoll3" type="CollisionShape3D" parent="NavigationRegion3D/StaticBody3D"]
transform = Transform3D(-2.84124e-08, 0, 1, 0, 1, 0, -0.65, 0, -4.37114e-08, -15, 1.5, -4.2)
shape = SubResource("BoxShape3D_v056k")

[node name="wall4" type="MeshInstance3D" parent="NavigationRegion3D/StaticBody3D"]
transform = Transform3D(-2.84124e-08, 0, 1, 0, 1, 0, -0.65, 0, -4.37114e-08, -15, 1.5, 4.2)
mesh = ExtResource("6_ne47l")
skeleton = NodePath("../bottom")

[node name="wallcoll4" type="CollisionShape3D" parent="NavigationRegion3D/StaticBody3D"]
transform = Transform3D(-2.84124e-08, 0, 1, 0, 1, 0, -0.65, 0, -4.37114e-08, -15, 1.5, 4.2)
shape = SubResource("BoxShape3D_v056k")

[node name="wall5" type="MeshInstance3D" parent="NavigationRegion3D/StaticBody3D"]
transform = Transform3D(-8.74228e-09, 0, 1, 0, 0.33, 0, -0.2, 0, -4.37114e-08, -15, 2.50299, 0)
mesh = ExtResource("7_mg02r")
skeleton = NodePath("../bottom")

[node name="wallcoll5" type="CollisionShape3D" parent="NavigationRegion3D/StaticBody3D"]
transform = Transform3D(-8.74228e-09, 0, 1, 0, 0.33, 0, -0.2, 0, -4.37114e-08, -15, 2.50299, 0)
shape = SubResource("BoxShape3D_v056k")

[node name="wall6" type="MeshInstance3D" parent="NavigationRegion3D/StaticBody3D"]
transform = Transform3D(-2.84124e-08, 0, 1, 0, 1, 0, -0.65, 0, -4.37114e-08, -0.0999999, 1.5, -4.2)
mesh = ExtResource("6_ne47l")
skeleton = NodePath("../bottom")

[node name="wallcoll6" type="CollisionShape3D" parent="NavigationRegion3D/StaticBody3D"]
transform = Transform3D(-2.84124e-08, 0, 1, 0, 1, 0, -0.65, 0, -4.37114e-08, -0.0999999, 1.5, -4.2)
shape = SubResource("BoxShape3D_v056k")

[node name="wall7" type="MeshInstance3D" parent="NavigationRegion3D/StaticBody3D"]
transform = Transform3D(-2.84124e-08, 0, 1, 0, 1, 0, -0.65, 0, -4.37114e-08, -0.0999999, 1.5, 4.2)
mesh = ExtResource("6_ne47l")
skeleton = NodePath("../bottom")

[node name="wallcoll7" type="CollisionShape3D" parent="NavigationRegion3D/StaticBody3D"]
transform = Transform3D(-2.84124e-08, 0, 1, 0, 1, 0, -0.65, 0, -4.37114e-08, -0.0999999, 1.5, 4.2)
shape = SubResource("BoxShape3D_v056k")

[node name="wall8" type="MeshInstance3D" parent="NavigationRegion3D/StaticBody3D"]
transform = Transform3D(-8.74228e-09, 0, 1, 0, 0.33, 0, -0.2, 0, -4.37114e-08, -0.0999999, 2.50299, 0)
mesh = ExtResource("7_mg02r")
skeleton = NodePath("../bottom")

[node name="wallcoll8" type="CollisionShape3D" parent="NavigationRegion3D/StaticBody3D"]
transform = Transform3D(-8.74228e-09, 0, 1, 0, 0.33, 0, -0.2, 0, -4.37114e-08, -0.0999999, 2.50299, 0)
shape = SubResource("BoxShape3D_v056k")

[node name="boxes1" type="Node3D" parent="NavigationRegion3D"]
transform = Transform3D(1, 0, 0, 0, 1, 0, 0, 0, 1, -4.5, 0, 0)

[node name="box3" parent="NavigationRegion3D/boxes1" instance=ExtResource("8_mgf7c")]
transform = Transform3D(-0.258819, 0, -0.965926, 0, 1, 0, 0.965926, 0, -0.258819, -0.5, 0, -3)

[node name="box4" parent="NavigationRegion3D/boxes1" instance=ExtResource("9_2c12t")]
transform = Transform3D(0.984808, 0, 0.173648, 0, 1, 0, -0.173648, 0, 0.984808, -0.9, 0.5, -0.8)

[node name="box5" parent="NavigationRegion3D/boxes1" instance=ExtResource("9_2c12t")]
transform = Transform3D(0.965926, 0, -0.258819, 0, 1, 0, 0.258819, 0, 0.965926, -0.9, 0.5, 0.5)

[node name="box6" parent="NavigationRegion3D/boxes1" instance=ExtResource("9_2c12t")]
transform = Transform3D(0.984808, 0, 0.173648, 0, 1, 0, -0.173648, 0, 0.984808, -0.9, 0.5, 1.7)

[node name="box8" parent="NavigationRegion3D/boxes1" instance=ExtResource("9_2c12t")]
transform = Transform3D(-1, 0, -1.19209e-07, 0, 1, 0, 1.19209e-07, 0, -1, -0.7, 0.5, 4.2)

[node name="box9" parent="NavigationRegion3D/boxes1" instance=ExtResource("9_2c12t")]
transform = Transform3D(-0.906308, 0, -0.422618, 0, 1, 0, 0.422618, 0, -0.906308, -1.12574, 0.5, 3.01975)

[node name="box10" parent="NavigationRegion3D/boxes1" instance=ExtResource("9_2c12t")]
transform = Transform3D(0.984808, 0, 0.173648, 0, 1, 0, -0.173648, 0, 0.984808, -0.9, 1.6, 0)

[node name="box11" parent="NavigationRegion3D/boxes1" instance=ExtResource("9_2c12t")]
transform = Transform3D(-0.996195, 0, 0.0871556, 0, 1, 0, -0.0871556, 0, -0.996195, -5.27426, 1.5, 6.18025)

[node name="box12" parent="NavigationRegion3D/boxes1" instance=ExtResource("9_2c12t")]
transform = Transform3D(0.984808, 0, 0.173648, 0, 1, 0, -0.173648, 0, 0.984808, -0.3, 0.5, -6.4)

[node name="box13" parent="NavigationRegion3D/boxes1" instance=ExtResource("9_2c12t")]
transform = Transform3D(0.965926, 0, -0.258819, 0, 1, 0, 0.258819, 0, 0.965926, -0.3, 0.5, -5.1)

[node name="boxes2" type="Node3D" parent="NavigationRegion3D"]
transform = Transform3D(-0.996195, 0, 0.0871556, 0, 1, 0, -0.0871556, 0, -0.996195, -9.6, 0, 0.3)

[node name="box3" parent="NavigationRegion3D/boxes2" instance=ExtResource("8_mgf7c")]
transform = Transform3D(0.173648, 0, -0.984808, 0, 1, 0, 0.984808, 0, 0.173648, -0.282111, 0, -0.509513)

[node name="box4" parent="NavigationRegion3D/boxes2" instance=ExtResource("9_2c12t")]
transform = Transform3D(0.996195, 0, -0.0871557, 0, 1, 0, 0.0871557, 0, 0.996195, -0.256526, 0.5, 1.65993)

[node name="box5" parent="NavigationRegion3D/boxes2" instance=ExtResource("9_2c12t")]
transform = Transform3D(0.866025, 0, -0.5, 0, 1, 0, 0.5, 0, 0.866025, -0.592991, 0.5, 2.91564)

[node name="box6" parent="NavigationRegion3D/boxes2" instance=ExtResource("9_2c12t")]
transform = Transform3D(0.996195, 0, -0.0871558, 0, 1, 0, 0.0871558, 0, 0.996195, -0.903575, 0.5, 4.07475)

[node name="box9" parent="NavigationRegion3D/boxes2" instance=ExtResource("9_2c12t")]
transform = Transform3D(-0.984808, 0, -0.173648, 0, 1, 0, 0.173648, 0, -0.984808, -1.4632, 0.5, 5.2911)

[node name="box10" parent="NavigationRegion3D/boxes2" instance=ExtResource("9_2c12t")]
transform = Transform3D(0.996195, 0, -0.0871557, 0, 1, 0, 0.0871557, 0, 0.996195, -0.463581, 1.6, 2.43267)

[node name="box11" parent="NavigationRegion3D/boxes2" instance=ExtResource("9_2c12t")]
transform = Transform3D(-0.707107, 0, -0.707107, 0, 1, 0, 0.707107, 0, -0.707107, -1.55683, 0.5, 6.87949)

[node name="box12" parent="NavigationRegion3D/boxes2" instance=ExtResource("9_2c12t")]
transform = Transform3D(0.984808, 0, 0.173648, 0, 1, 0, -0.173648, 0, 0.984808, -0.3, 0.5, -6.4)

[node name="box13" parent="NavigationRegion3D/boxes2" instance=ExtResource("9_2c12t")]
transform = Transform3D(0.965926, 0, -0.258819, 0, 1, 0, 0.258819, 0, 0.965926, -0.308715, 0.5, -5.19962)

[node name="slime1" parent="NavigationRegion3D" instance=ExtResource("10_2c12t")]
transform = Transform3D(1, 0, 0, 0, 1, 0, 0, 0, 1, -9.2, 0, 3.1)

[node name="slime2" parent="NavigationRegion3D" instance=ExtResource("10_2c12t")]
transform = Transform3D(1, 0, 0, 0, 1, 0, 0, 0, 1, -9.4, 0, 4.3)

[node name="box1" parent="NavigationRegion3D" instance=ExtResource("11_5r6qs")]
transform = Transform3D(0.965926, 0, 0.258819, 0, 1, 0, -0.258819, 0, 0.965926, -11.5, 0.5, -5)

[node name="box2" parent="NavigationRegion3D" instance=ExtResource("11_5r6qs")]
transform = Transform3D(0.939693, 0, -0.34202, 0, 1, 0, 0.34202, 0, 0.939693, -2.1, 0.5, 4.1)

[node name="box3" parent="NavigationRegion3D" instance=ExtResource("11_5r6qs")]
transform = Transform3D(-0.0871557, 0, -0.996195, 0, 1, 0, 0.996195, 0, -0.0871557, -8.8, 0.5, -6.6)

[node name="slime3" parent="NavigationRegion3D" instance=ExtResource("10_2c12t")]
transform = Transform3D(1, 0, 0, 0, 1, 0, 0, 0, 1, -2.6, 0, -4.2)

[node name="Timer" type="Timer" parent="."]
wait_time = 3.0
autostart = true

[node name="Area3D" type="Area3D" parent="."]
transform = Transform3D(1, 0, 0, 0, 1, 0, 0, 0, 1, -5, 1.5, 0)

[node name="CollisionShape3D" type="CollisionShape3D" parent="Area3D"]
shape = SubResource("BoxShape3D_ccg18")

[node name="Camera3D" type="Camera3D" parent="."]
transform = Transform3D(1, 0, 0, 0, 0.5, 0.866025, 0, -0.866025, 0.5, -7, 14, 9)

[node name="enemy1" parent="." instance=ExtResource("12_xay2c")]
transform = Transform3D(1, 0, 0, 0, 1, 0, 0, 0, 1, -12.4, 0.9, 4.3)
randomspawn = 2

[connection signal="timeout" from="Timer" to="." method="_on_timer_timeout"]
[connection signal="body_entered" from="Area3D" to="." method="_on_area_3d_body_entered"]
[connection signal="body_exited" from="Area3D" to="." method="_on_area_3d_body_exited"]
